5 11 584
0 1000000.0 1000000.0
1 1000000.0 1000000.0
2 1000000.0 1000000.0
3 1000000.0 1000000.0
4 1000000.0 1000000.0
0 1 0
1 2 0 1
2 3 0 1 2
3 0
4 0
5 2 1 2
6 4 0 1 2 3
7 0
8 3 0 1 2
9 0
10 4 0 1 2 3
t 2 1000000.0 1000000.0
q 5 1000000.0 1000000.0
q 5 1000000.0 1000000.0
q 5 1000000.0 1000000.0
q 5 1000000.0 1000000.0
q 5 1000000.0 1000000.0
q 5 1000000.0 1000000.0
q 5 1000000.0 1000000.0
q 5 1000000.0 1000000.0
q 6 600.0 600.0
t 1 5.0 5.0
q 6 600.0 600.0
q 6 600.0 600.0
q 6 600.0 600.0
t 1 5.0 5.0
q 5 100.0 100.0
q 5 100.0 100.0
q 5 100.0 100.0
q 6 1000.0 1000.0
q 6 600.0 600.0
q 6 600.0 600.0
q 6 600.0 600.0
t 2 1000000.0 1000000.0
q 6 600.0 600.0
q 6 600.0 600.0
q 6 600.0 600.0
t 2 1000000.0 1000000.0
q 6 600.0 600.0
q 6 600.0 600.0
q 6 600.0 600.0
t 1 5.0 5.0
q 5 100.0 100.0
q 5 100.0 100.0
q 5 100.0 100.0
q 6 1000.0 1000.0
q 6 600.0 600.0
q 6 600.0 600.0
q 6 600.0 600.0
t 1 5.0 5.0
q 6 600.0 600.0
q 6 600.0 600.0
q 6 600.0 600.0
t 1 5.0 5.0
q 6 600.0 600.0
q 6 600.0 600.0
q 6 600.0 600.0
t 1 5.0 5.0
q 5 100.0 100.0
q 5 100.0 100.0
q 5 100.0 100.0
q 6 1000.0 1000.0
q 6 600.0 600.0
q 6 600.0 600.0
q 6 600.0 600.0
t 1 5.0 5.0
q 6 600.0 600.0
q 6 600.0 600.0
q 6 600.0 600.0
t 1 5.0 5.0
q 6 600.0 600.0
q 6 600.0 600.0
q 6 600.0 600.0
t 1 5.0 5.0
t 2 0.0 0.0
q 5 100.0 100.0
q 5 100.0 100.0
q 5 100.0 100.0
q 6 1000.0 1000.0
q 6 600.0 600.0
q 6 600.0 600.0
q 6 600.0 600.0
t 1 5.0 5.0
q 6 600.0 600.0
q 6 600.0 600.0
q 6 600.0 600.0
t 1 5.0 5.0
q 6 600.0 600.0
q 6 600.0 600.0
q 6 600.0 600.0
t 1 5.0 5.0
q 5 100.0 100.0
q 5 100.0 100.0
q 5 100.0 100.0
q 6 1000.0 1000.0
q 6 600.0 600.0
q 6 600.0 600.0
q 6 600.0 600.0
t 1 5.0 5.0
q 6 600.0 600.0
q 6 600.0 600.0
q 6 600.0 600.0
t 1 5.0 5.0
q 6 600.0 600.0
q 6 600.0 600.0
q 6 600.0 600.0
t 1 5.0 5.0
q 5 100.0 100.0
q 5 100.0 100.0
q 5 100.0 100.0
q 6 1000.0 1000.0
q 6 600.0 600.0
q 6 600.0 600.0
q 6 600.0 600.0
t 1 5.0 5.0
q 6 600.0 600.0
q 6 600.0 600.0
q 6 600.0 600.0
t 1 5.0 5.0
q 6 600.0 600.0
q 6 600.0 600.0
q 6 600.0 600.0
t 1 5.0 5.0
q 5 100.0 100.0
q 5 100.0 100.0
q 5 100.0 100.0
q 6 1000.0 1000.0
q 6 600.0 600.0
q 6 600.0 600.0
q 6 600.0 600.0
t 1 5.0 5.0
q 6 600.0 600.0
q 6 600.0 600.0
q 6 600.0 600.0
t 1 5.0 5.0
q 6 600.0 600.0
q 6 600.0 600.0
q 6 600.0 600.0
t 1 5.0 5.0
t 2 0.0 0.0
q 5 100.0 100.0
q 5 100.0 100.0
q 5 100.0 100.0
q 6 1000.0 1000.0
q 6 600.0 600.0
q 6 600.0 600.0
q 6 600.0 600.0
t 1 5.0 5.0
q 6 600.0 600.0
q 6 600.0 600.0
q 6 600.0 600.0
t 1 5.0 5.0
q 6 600.0 600.0
q 6 600.0 600.0
q 6 600.0 600.0
t 1 5.0 5.0
q 5 100.0 100.0
q 5 100.0 100.0
q 5 100.0 100.0
q 6 1000.0 1000.0
q 6 600.0 600.0
q 6 600.0 600.0
q 6 600.0 600.0
t 1 5.0 5.0
q 6 600.0 600.0
q 6 600.0 600.0
q 6 600.0 600.0
t 1 5.0 5.0
q 6 600.0 600.0
q 6 600.0 600.0
q 6 600.0 600.0
t 1 5.0 5.0
q 5 100.0 100.0
q 5 100.0 100.0
q 5 100.0 100.0
q 6 1000.0 1000.0
q 6 600.0 600.0
q 6 600.0 600.0
q 6 600.0 600.0
t 1 5.0 5.0
q 6 600.0 600.0
q 6 600.0 600.0
q 6 600.0 600.0
t 1 5.0 5.0
q 6 600.0 600.0
q 6 600.0 600.0
q 6 600.0 600.0
t 1 5.0 5.0
q 5 100.0 100.0
q 5 100.0 100.0
q 5 100.0 100.0
q 6 1000.0 1000.0
q 6 600.0 600.0
q 6 600.0 600.0
q 6 600.0 600.0
t 1 5.0 5.0
q 6 600.0 600.0
q 6 600.0 600.0
q 6 600.0 600.0
t 1 5.0 5.0
q 6 600.0 600.0
q 6 600.0 600.0
q 6 600.0 600.0
t 1 5.0 5.0
t 2 0.0 0.0
q 5 100.0 100.0
q 5 100.0 100.0
q 5 100.0 100.0
q 6 1000.0 1000.0
q 6 600.0 600.0
q 6 600.0 600.0
q 6 600.0 600.0
t 1 5.0 5.0
q 6 600.0 600.0
q 6 600.0 600.0
q 6 600.0 600.0
t 1 5.0 5.0
q 6 600.0 600.0
q 6 600.0 600.0
q 6 600.0 600.0
t 1 5.0 5.0
q 5 100.0 100.0
q 5 100.0 100.0
q 5 100.0 100.0
q 6 1000.0 1000.0
q 6 600.0 600.0
q 6 600.0 600.0
q 6 600.0 600.0
t 1 5.0 5.0
q 6 600.0 600.0
q 6 600.0 600.0
q 6 600.0 600.0
t 1 5.0 5.0
q 6 600.0 600.0
q 6 600.0 600.0
q 6 600.0 600.0
t 1 5.0 5.0
q 5 100.0 100.0
q 5 100.0 100.0
q 5 100.0 100.0
q 6 1000.0 1000.0
q 6 600.0 600.0
q 6 600.0 600.0
q 6 600.0 600.0
t 1 5.0 5.0
q 6 600.0 600.0
q 6 600.0 600.0
q 6 600.0 600.0
t 1 5.0 5.0
q 6 600.0 600.0
q 6 600.0 600.0
q 6 600.0 600.0
t 1 5.0 5.0
q 5 100.0 100.0
q 5 100.0 100.0
q 5 100.0 100.0
q 6 1000.0 1000.0
q 6 600.0 600.0
q 6 600.0 600.0
q 6 600.0 600.0
t 1 5.0 5.0
q 6 600.0 600.0
q 6 600.0 600.0
q 6 600.0 600.0
t 1 5.0 5.0
q 6 600.0 600.0
q 6 600.0 600.0
q 6 600.0 600.0
t 1 5.0 5.0
t 2 0.0 0.0
q 5 100.0 100.0
q 5 100.0 100.0
q 5 100.0 100.0
q 6 1000.0 1000.0
q 6 600.0 600.0
q 6 600.0 600.0
q 6 600.0 600.0
t 1 5.0 5.0
q 6 600.0 600.0
q 6 600.0 600.0
q 6 600.0 600.0
t 1 5.0 5.0
q 6 600.0 600.0
q 6 600.0 600.0
q 6 600.0 600.0
t 1 5.0 5.0
q 5 100.0 100.0
q 5 100.0 100.0
q 5 100.0 100.0
q 6 1000.0 1000.0
q 6 600.0 600.0
q 6 600.0 600.0
q 6 600.0 600.0
t 1 5.0 5.0
q 6 600.0 600.0
q 6 600.0 600.0
q 6 600.0 600.0
t 1 5.0 5.0
q 6 600.0 600.0
q 6 600.0 600.0
q 6 600.0 600.0
t 1 5.0 5.0
q 5 100.0 100.0
q 5 100.0 100.0
q 5 100.0 100.0
q 6 1000.0 1000.0
q 6 600.0 600.0
q 6 600.0 600.0
q 6 600.0 600.0
t 1 5.0 5.0
q 6 600.0 600.0
q 6 600.0 600.0
q 6 600.0 600.0
t 1 5.0 5.0
q 6 600.0 600.0
q 6 600.0 600.0
q 6 600.0 600.0
t 1 5.0 5.0
q 5 100.0 100.0
q 5 100.0 100.0
q 5 100.0 100.0
q 6 1000.0 1000.0
q 6 600.0 600.0
q 6 600.0 600.0
q 6 600.0 600.0
t 1 5.0 5.0
q 6 600.0 600.0
q 6 600.0 600.0
q 6 600.0 600.0
t 1 5.0 5.0
q 6 600.0 600.0
q 6 600.0 600.0
q 6 600.0 600.0
t 1 5.0 5.0
t 2 0.0 0.0
q 5 100.0 100.0
q 5 100.0 100.0
q 5 100.0 100.0
q 6 1000.0 1000.0
q 6 600.0 600.0
q 6 600.0 600.0
q 6 600.0 600.0
t 1 5.0 5.0
q 6 600.0 600.0
q 6 600.0 600.0
q 6 600.0 600.0
t 1 5.0 5.0
q 6 600.0 600.0
q 6 600.0 600.0
q 6 600.0 600.0
t 1 5.0 5.0
q 5 100.0 100.0
q 5 100.0 100.0
q 5 100.0 100.0
q 6 1000.0 1000.0
q 6 600.0 600.0
q 6 600.0 600.0
q 6 600.0 600.0
t 1 5.0 5.0
q 6 600.0 600.0
q 6 600.0 600.0
q 6 600.0 600.0
t 1 5.0 5.0
q 6 600.0 600.0
q 6 600.0 600.0
q 6 600.0 600.0
t 1 5.0 5.0
q 5 100.0 100.0
q 5 100.0 100.0
q 5 100.0 100.0
q 6 1000.0 1000.0
q 6 600.0 600.0
q 6 600.0 600.0
q 6 600.0 600.0
t 1 5.0 5.0
q 6 600.0 600.0
q 6 600.0 600.0
q 6 600.0 600.0
t 1 5.0 5.0
q 6 600.0 600.0
q 6 600.0 600.0
q 6 600.0 600.0
t 1 5.0 5.0
q 5 100.0 100.0
q 5 100.0 100.0
q 5 100.0 100.0
q 6 1000.0 1000.0
q 6 600.0 600.0
q 6 600.0 600.0
q 6 600.0 600.0
t 1 5.0 5.0
q 6 600.0 600.0
q 6 600.0 600.0
q 6 600.0 600.0
t 1 5.0 5.0
q 6 600.0 600.0
q 6 600.0 600.0
q 6 600.0 600.0
t 1 5.0 5.0t 2 0.0 0.0
q 5 100.0 100.0
q 5 100.0 100.0
q 5 100.0 100.0
q 6 1000.0 1000.0
q 6 600.0 600.0
q 6 600.0 600.0
q 6 600.0 600.0
t 1 5.0 5.0
q 6 600.0 600.0
q 6 600.0 600.0
q 6 600.0 600.0
t 1 5.0 5.0
q 6 600.0 600.0
q 6 600.0 600.0
q 6 600.0 600.0
t 1 5.0 5.0
q 5 100.0 100.0
q 5 100.0 100.0
q 5 100.0 100.0
q 6 1000.0 1000.0
q 6 600.0 600.0
q 6 600.0 600.0
q 6 600.0 600.0
t 1 5.0 5.0
q 6 600.0 600.0
q 6 600.0 600.0
q 6 600.0 600.0
t 1 5.0 5.0
q 6 600.0 600.0
q 6 600.0 600.0
q 6 600.0 600.0
t 1 5.0 5.0
q 5 100.0 100.0
q 5 100.0 100.0
q 5 100.0 100.0
q 6 1000.0 1000.0
q 6 600.0 600.0
q 6 600.0 600.0
q 6 600.0 600.0
t 1 5.0 5.0
q 6 600.0 600.0
q 6 600.0 600.0
q 6 600.0 600.0
t 1 5.0 5.0
q 6 600.0 600.0
q 6 600.0 600.0
q 6 600.0 600.0
t 1 5.0 5.0
q 5 100.0 100.0
q 5 100.0 100.0
q 5 100.0 100.0
q 6 1000.0 1000.0
q 6 600.0 600.0
q 6 600.0 600.0
q 6 600.0 600.0
t 1 5.0 5.0
q 6 600.0 600.0
q 6 600.0 600.0
q 6 600.0 600.0
t 1 5.0 5.0
q 6 600.0 600.0
q 6 600.0 600.0
q 6 600.0 600.0
t 1 5.0 5.0t 2 0.0 0.0
q 5 100.0 100.0
q 5 100.0 100.0
q 5 100.0 100.0
q 6 1000.0 1000.0
q 6 600.0 600.0
q 6 600.0 600.0
q 6 600.0 600.0
t 1 5.0 5.0
q 6 600.0 600.0
q 6 600.0 600.0
q 6 600.0 600.0
t 1 5.0 5.0
q 6 600.0 600.0
q 6 600.0 600.0
q 6 600.0 600.0
t 1 5.0 5.0
q 5 100.0 100.0
q 5 100.0 100.0
q 5 100.0 100.0
q 6 1000.0 1000.0
q 6 600.0 600.0
q 6 600.0 600.0
q 6 600.0 600.0
t 1 5.0 5.0
q 6 600.0 600.0
q 6 600.0 600.0
q 6 600.0 600.0
t 1 5.0 5.0
q 6 600.0 600.0
q 6 600.0 600.0
q 6 600.0 600.0
t 1 5.0 5.0
q 5 100.0 100.0
q 5 100.0 100.0
q 5 100.0 100.0
q 6 1000.0 1000.0
q 6 600.0 600.0
q 6 600.0 600.0
q 6 600.0 600.0
t 1 5.0 5.0
q 6 600.0 600.0
q 6 600.0 600.0
q 6 600.0 600.0
t 1 5.0 5.0
q 6 600.0 600.0
q 6 600.0 600.0
q 6 600.0 600.0
t 1 5.0 5.0
q 5 100.0 100.0
q 5 100.0 100.0
q 5 100.0 100.0
q 6 1000.0 1000.0
q 6 600.0 600.0
q 6 600.0 600.0
q 6 600.0 600.0
t 1 5.0 5.0
q 6 600.0 600.0
q 6 600.0 600.0
q 6 600.0 600.0
t 1 5.0 5.0
q 6 600.0 600.0
q 6 600.0 600.0
q 6 600.0 600.0
t 1 5.0 5.0t 2 0.0 0.0
q 5 100.0 100.0
q 5 100.0 100.0
q 5 100.0 100.0
q 6 1000.0 1000.0
q 6 600.0 600.0
q 6 600.0 600.0
q 6 600.0 600.0
t 1 5.0 5.0
q 6 600.0 600.0
q 6 600.0 600.0
q 6 600.0 600.0
t 1 5.0 5.0
q 6 600.0 600.0
q 6 600.0 600.0
q 6 600.0 600.0
t 1 5.0 5.0
q 5 100.0 100.0
q 5 100.0 100.0
q 5 100.0 100.0
q 6 1000.0 1000.0
q 6 600.0 600.0
q 6 600.0 600.0
q 6 600.0 600.0
t 1 5.0 5.0
q 6 600.0 600.0
q 6 600.0 600.0
q 6 600.0 600.0
t 1 5.0 5.0
q 6 600.0 600.0
q 6 600.0 600.0
q 6 600.0 600.0
t 1 5.0 5.0
q 5 100.0 100.0
q 5 100.0 100.0
q 5 100.0 100.0
q 6 1000.0 1000.0
q 6 600.0 600.0
q 6 600.0 600.0
q 6 600.0 600.0
t 1 5.0 5.0
q 6 600.0 600.0
q 6 600.0 600.0
q 6 600.0 600.0
t 1 5.0 5.0
q 6 600.0 600.0
q 6 600.0 600.0
q 6 600.0 600.0
t 1 5.0 5.0
q 5 100.0 100.0
q 5 100.0 100.0
q 5 100.0 100.0
q 6 1000.0 1000.0
q 6 600.0 600.0
q 6 600.0 600.0
q 6 600.0 600.0
t 1 5.0 5.0
q 6 600.0 600.0
q 6 600.0 600.0
q 6 600.0 600.0
t 1 5.0 5.0
q 6 600.0 600.0
q 6 600.0 600.0
q 6 600.0 600.0
t 1 5.0 5.0
t 2 7.0 7.0